kf=28000;
cf=2500;
Lf=0.9;
kr=21000;
cr=2500
Lr=1.2;